Es werden DNLRX-Berechung und PID-Berechung nebenl채ufig ausgef체hrt(Auf PPC).
Berechnung von 20 Cycles wird 25 mal durchgef체hrt.
Frequenz der 	DNLRX 	PID 	Gemeinsamen 	Berechnung
		1173231.888112	1997287.619048	9852.143990	0
		1331525.079365	2504062.089552	10050.449889	1
		1331525.079365	2504062.089552	10121.389961	2
		1331525.079365	2467237.647059	10010.272076	3
		1433950.085470	2236962.133333	9945.590136	4
		1331525.079365	2504062.089552	9965.084343	5
		1331525.079365	2236962.133333	9915.612293	6
		1252031.044776	2504062.089552	9990.005955	7
		1252031.044776	2843595.932203	10004.899517	8
		1252031.044776	2236962.133333	9708.475204	9
		1252031.044776	2504062.089552	10065.524358	10
		1331525.079365	2504062.089552	9916.198357	11
		1331525.079365	2504062.089552	9994.767068	12
		1252031.044776	2236962.133333	9985.249375	13
		1342177.280000	2504062.089552	9017.099860	14
		1331525.079365	2843595.932203	10225.021941	15
		1331525.079365	2207528.421053	9289.195504	16
		1242756.740741	2504062.089552	10106.147822	17
		1242756.740741	2504062.089552	10106.147822	18
		1331525.079365	2504062.089552	9008.868603	19
		1252031.044776	2843595.932203	10172.942033	20
		1342177.280000	2207528.421053	10193.338599	21
		1331525.079365	2207528.421053	9165.874126	22
		1331525.079365	2467237.647059	10230.009756	23
		1433950.085470	2207528.421053	10126.277161	24

Durchschn. Frequenz: 	DNLRX 		PID 		Gesamtzeit 	Anzahl
			1308059.492863	2431407.836496	9886.663430	25
Das Programm wurde erfolgreich ausgef체hrt.
