Es werden DNLRX-Berechung und PID-Berechung nebenl채ufig ausgef체hrt(Auf PPC).
Berechnung von 20 Cycles wird 25 mal durchgef체hrt.
Frequenz der 	DNLRX 	PID 	Gemeinsamen 	Berechnung
		149263.487544	1823610.434783	9276.868123	0
		155057.449168	2236962.133333	9434.412641	1
		160087.938931	2207528.421053	9429.110324	2
		158724.843898	2236962.133333	9474.370906	3
		158724.843898	2504062.089552	9411.654886	4
		158724.843898	2892623.448276	9416.409048	5
		158724.843898	2843595.932203	9447.162565	6
		158724.843898	2236962.133333	9465.284062	7
		158724.843898	2207528.421053	9285.082738	8
		159935.328885	2207528.421053	9542.268229	9
		146015.805048	2207528.421053	9514.669086	10
		158724.843898	2504062.089552	9434.412641	11
		158724.843898	2504062.089552	8865.107530	12
		158724.843898	2504062.089552	9610.595177	13
		158724.843898	2467237.647059	9229.406975	14
		136956.865306	2236962.133333	9624.930297	15
		158724.843898	2504062.089552	9629.349710	16
		158724.843898	2504062.089552	8657.867685	17
		159935.328885	2504062.089552	9629.349710	18
		158724.843898	2504062.089552	8718.154230	19
		158724.843898	2504062.089552	9685.495901	20
		159935.328885	2504062.089552	9638.754452	21
		158724.843898	2504062.089552	8845.476881	22
		158724.843898	2236962.133333	9578.223339	23
		158724.843898	2207528.421053	8952.623266	24

Durchschn. Frequenz: 	DNLRX 		PID 		Gesamtzeit 	Anzahl
			157020.395157	2391768.128773	9351.881616	25
Das Programm wurde erfolgreich ausgef체hrt.
