Es werden DNLRX-Berechung und PID-Berechung nebenl채ufig ausgef체hrt(Auf PPC).
Berechnung von 20 Cycles wird 25 mal durchgef체hrt.
Frequenz der 	DNLRX 	PID 	Gemeinsamen 	Berechnung
		40731.284292	1111073.907285	8003.251443	0
		41404.777887	1252031.044776	8143.488982	1
		41404.777887	1331525.079365	8090.864198	2
		41496.947811	1342177.280000	8025.840031	3
		41404.777887	1252031.044776	8110.028520	4
		41070.296206	1173231.888112	8061.318470	5
		41414.998766	1252031.044776	8055.125792	6
		41070.296206	1331525.079365	8120.234258	7
		41414.998766	1252031.044776	8107.285203	8
		41404.777887	1342177.280000	7769.747603	9
		41070.296206	1331525.079365	8254.066713	10
		41496.947811	1331525.079365	7797.191058	11
		40731.284292	1331525.079365	8220.498800	12
		41496.947811	1331525.079365	7751.797810	13
		41496.947811	1331525.079365	8230.580848	14
		41404.777887	769597.064220	7971.309925	15
		41323.192118	1331525.079365	8220.096031	16
		33838.676886	713924.085106	8264.638424	17
		41404.777887	1252031.044776	7977.753685	18
		41323.192118	1331525.079365	8123.379654	19
		41323.192118	1331525.079365	7833.963392	20
		41404.777887	1252031.044776	8278.095426	21
		40820.476886	1331525.079365	7821.545921	22
		41323.192118	1331525.079365	8217.277759	23
		41404.777887	1331525.079365	7843.119069	24

Durchschn. Frequenz: 	DNLRX 		PID 		Gesamtzeit 	Anzahl
			40987.255653	1250967.752205	8051.699961	25
Das Programm wurde erfolgreich ausgef체hrt.
